100037078519615
100036613876016
100033345577864
100024083001123
100038138390708
100036914513866
100036866209328
100036501093488
100036467611485
100035440478984
100035374486609
100035353893662
100035331463084
100034979086580
100033677500572
100032687022360
100030842858556
100030248943486
100029097965782
100028172346775
100028035759066
100027871961065
100027730307965
100027270423785
100026349345618
100026011970831
100025690847946
100024135411964
100023597644271
100023504653131
100023162732628
100019487081447
100018887732738
100017645560714
100012410165390
100011395540597
100010493706687
100007347908757
100004568644324
100002575654224
100038442750494
100038131824388
100037680142329
100037583597867
100037560262943
100036943091360
100035176744975
100034379177730
100034043603990
100033164611739
100030005238682
100029418123819
100029070334459
100028923975038
100026887321777
100025152758933
100017495056317
100006930666081
100004961535884
100038287861723
100038155787657
100037965648917
100037864510608
100037774155410
100037695711267
100037670571779
100037257788150
100037089750182
100035907199413
100035533608546
100034647406038
100034311607590
100034220983690
100034073233597
100033935415043
100032292258120
100031643539491
100030876706079
100030318082315
100030300221674
100028976281459
100025725610144
100025017393578
100024206264665
100024124667694
100022979898596
100015316304854
100013099939078
100010853658105
100010302586790
100009985211060
100008956510525
100005538994896
100004650241825
100004484446923
100003175788082
100001690553401
100000471815486
100038266834136
100035907347854
100034893822994
100033959446688
100033217448284
100031517025569
100030786138575
100029692851121
100029152366468
100028621470997
100025950523527
100023323230584
100010031982320
100009304217438
100008244303349
100007423758388
100000682605406
100036497872436
100033185163994
100035644177519
100024401131193
100034464646810
100004718164923
100011900269260
100038140100512
100037748213825
100037645763484
100034729650586
100034701226868
100033935693381
100028235480684
100026450524791
100025924753143
100025208870122
100024336591803
100023815003247
100011574729270
100008492976981
100008383417583
100006882855953
100005011266744
100001654350009
100037992285285
100037125871907
100036618305155
100034879448133
100034648161001
100032892466698
100032815458124
100032600901123
100032242662660
100029691948905
100027182050400
100026888405685
100026783811368
100025260051673
100025223090087
100024884958595
100024093870422
100022317155805
100009542811989
100002582035891
100038144207718
100038104998830
100038043786051
100037797980562
100037279845915
100036571894784
100036161225885
100035722159619
100035440247691
100035083336821
100034823000180
100034755691348
100032996571439
100031538263903
100030178605978
100028109829698
100016114567292
100014179326382
100009483252313
100037673687073
100037841349249
100037122090585
100036736163318
100010376948206
100038181552859
100037119885565
100036001006007
100035497968997
100034546440457
100031361718403
100031304852774
100030297103558
100030277102221
100030206714257
100029889214193
100028785544697
100026125209587
100025286974826
100023610999074
100022770312023
100022613151684
100016537151091
100004707828459
100038216076610
100037716436627
100037293903888
100037196562104
100036638528352
100036193401874
100035512461372
100034642329465
100033825436364
100031796150169
100029648027144
100028656063550
100023815164290
100021838445417
100019961887708
100015890614118
100006581915447
100005188356916
100001038080330
100025186596988
100012690283253
100034149683564
100024805783916
100012058361521
100038359861225
100038138971749
100038044882673
100037986463759
100037216117988
100037010595489
100035735373383
100034165656638
100032216261021
100030595655709
100030460984756
100030198240090
100029568932397
100024574537499
100022970957950
100022879323739
100021391614036
100020936112841
100013305707602
100012857264104
100037509584122
100035104843880
100033290424201
100030458941336
100028498025839
100027441333182
100023448615382
100019927110059
100015660128741
100015581946214
100013520259795
100012742832873
100012001366564
100005443066893
100003338543271
100002377821406
100038305057243
100037326342937
100037082227415
100037035561567
100036912227413
100036523703318
100036417943805
100035909403334
100034614213328
100034172911048
100033940684002
100033721700829
100032909414280
100031385437051
100031211194869
100030692681814
100030502804321
100028952835135
100028534173538
100027209407930
100026283121042
100022782822982
100021652716690
100019773939756
100017208582650
100013874233509
100013224463889
100012106368230
100011131539661
100010698708643
100010171899023
100009977316305
100007045748162
100005415376365
100004795154094
100004711593626
100003104423495
100001614067907
100000203650928
100000108427230
100037046796172
100036314092547
100035100170816
100034990432237
100031244802638
100030381171705
100030035956553
100029515653665
100029312051332
100028892510046
100028053725664
100026104097042
100026020146169
100025854257916
100024296820622
100023857630814
100014015472184
100013501991155
100013213069070
100001648232210
100038233924428
100038079863279
100037744628196
100037492908049
100037298473383
100035861910109
100033416961745
100031886658528
100031520824032
100027311432349
100027101237292
100026176622009
100024176764570
100014536538637
100013985864584
100013923001744
100007771232833
100002452494505
100015681881976
100028028873804
100011390299519
100018198639245
100038054403437
100026789600694
100038325154250
100038135117837
100037608572664
100036743747204
100036602021535
100036583442981
100036575662348
100036517322454
100036297352349
100035717974542
100035686009747
100034559103704
100034423034350
100034415560441
100032724128146
100030864019249
100029836563018
100029832312377
100027538981729
100027261968089
100026759898885
100026497939596
100025789234849
100025744268022
100023831832539
100023261160302
100023200746638
100018680983233
100014687916730
100012790565466
100009591588050
100008035412600
100005053326894
100004397867467
100000817531530
100026897320404
100014772424063
100028678217654
100038048140013
100030510844308
100022068666219
100014788531339
100000132400379
100037269701647
100036279198353
100034036274631
100032921927363
100030311415269
100030250181698
100026905599990
100026520230586
100023813090192
100022798640834
100022223144166
100022013502701
100018642795797
100016875757875
100016387622968
100015797880859
100013387848363
100010720514575
100038343812292
100035377820233
100034696602272
100033347342253
100032110770957
100030933904489
100028136354145
100026968119399
100026389699236
100023999951966
100023607400968
100016219714217
100012995809324
100012972094772
100012781603593
100012538509218
100010411215977
100008882644317
100007911191242
100002915013188
100038072688637
100037584154424
100037454179313
100035963693650
100035842120037
100035590891661
100035473877562
100034673190845
100034214362150
100033984917626
100033453556172
100031645593201
100031230095878
100028247269147
100025212321789
100023387199347
100022043164802
100019201098496
100018596201439
100015515312968
100014040694382
100013601265478
100013081415853
100012687880402
100010362702872
100009651858771
100009029973571
100007111322005
100005196330657
100004513427627
100010030756667
100027466899699
100016565148920
100011701294042
100033172752368
100037521242866
100037424798800
100037131824202
100036020798731
100035814322686
100035500548893
100029893274688
100028734511180
100019173660084
100015607800928
100015303134709
100010330456720
100008380938504
100004062004406
100001105978653
100036665112518
100036561823059
100035699150613
100035463797223
100034891815487
100034440135655
100033779473520
100032901320496
100030383028813
100029250396877
100026946406754
100026697109333
100023752141269
100006222343403
100005270089218
100003476278293
100001596022139
100030076059396
100037223984901
100029171700653
100038220664557
100038133907964
100037971503900
100036922129554
100036671796715
100036654190436
100035830755095
100035342716323
100035341283761
100031113570239
100030354490182
100029926968875
100027534609535
100026573784012
100025208771932
100024905049665
100022314860748
100019216111213
100012061481360
100038182476712
100038161595410
100038129114435
100038011116738
100037721268243
100037632679330
100037465004553
100037439522147
100037189650011
100037114116276
100036855974415
100036743483682
100035826158269
100035824812268
100035580375737
100034690202880
100034463539106
100033730620408
100032764710360
100031049203112
100030291258839
100030033891826
100029740901973
100029572211269
100028634049782
100023687625816
100022815780267
100022610655039
100020945434092
100019523448903
100018451996515
100010259742193
100009489795895
100008308326465
100005646304805
100004423150681
100000400942381
100038058730640
100037949568130
100037774243037
100037302547577
100037270328297
100036715596651
100036541713457
100036360797773
100036075817887
100035961411090
100034465665593
100034307947225
100033446714565
100029474236861
100028071519279
100027691521513
100023260672994
100020911008897
100011356237290
100010022407449
100009975182377
100000424815726
100037824675831
100037479910843
100037323855889
100036936673297
100035930553622
100035409012740
100034732327574
100032310886401
100031223375649
100029824357819
100027968583060
100025250612105
100022650003711
100015878856240
100006555096226
100006235757155
100005125021365
100002522470490
100001960479294
100036523204619
100035917113409
100035882105561
100035685620283
100035123923216
100029992820488
100028019382488
100027704949254
100026508582707
100023297423255
100015386040790
100014971668084
100012522486291
100008843832185
100008116030496
100007075239419
100006190711337
100004420816506
100003672430447
1548736036
100036498943554
100036253807629
100034778642833
100032070256933
100026463195860
100026069510613
100023320037228
100004096452788
100035204103669
100025272005726
100023816500082
100011714461438
100029434270275
100033721114007
100015058445255
100038107005194
100037527281037
100037421223704
100037229793843
100037225982861
100036996191132
100036917741153
100036069967677
100034750118996
100032037783190
100031243312494
100030350557217
100029342702082
100026878452688
100025346010620
100025146673907
100025011742061
100023699027255
100022462281803
100022432172188
100022080374253
100021995213547
100021819262581
100019675092663
100012469039363
100008827921635
100005597530842
100002398788435
100002166384317
100001064199451
100000836601995
100024193188235
100037354870109
100036237373128
100030383734835
100030088455858
100025151284949
100024856441240
100024378112502
100010692918440
100009621157894
100008458876547
100004615123030
100002334849928
100012840127406
100036561558458
100035329236688
100034754745710
100034576148486
100034140292959
100033792337957
100033591376770
100030272769046
100029020939687
100029015990964
100027870533504
100025398853520
100023278066460
100022147393184
100015800043586
100013541198884
100012775419326
100001757978168
100000704282717
100037166389601
100033484246139
100029241720207
100007529950293
100022320973916
100036446198264
100036382909198
100035628222183
100027791205983
100014219614006
100009150384011
100001387006047
100037815157030
100036634990901
100036452402313
100034462028023
100033230292776
100029897209268
100027998411092
100026133070969
100025272817317
100015866021621
100008804701165
100008662024431
100008355251035
100002362094079
100006478907830
100037109331946
100036402301142
100035611387396
100034884429003
100034692395173
100031328678033
100031128100145
100030855575762
100028336191400
100027373907129
100023925171827
100017121272948
100014405471020
100012559056876
100011884639117
100008269067841
100006920054087
100005200920934
100004232705962
100038145607075
100038001732097
100037894398595
100037885813960
100037822926306
100037718422307
100037682162178
100036916718596
100036427237676
100035954569970
100035754511670
100035509055627
100035418552065
100034940970728
100034481181089
100034358987438
100034082775679
100033747876349
100033175423883
100032684779516
100032277188383
100030416256704
100028579870539
100027817201398
100026649516768
100026152053596
100026151722472
100024982067926
100023365912769
100023260639486
100023170080346
100022059170500
100022035769492
100021987849810
100021891632522
100021853266091
100020205429169
100014770848816
100014574193495
100013986757181
100012935251541
100012168129276
100011532553771
100011283318967
100011130992151
100010465298658
100010359091439
100009504997173
100008055344320
100008015683328
100007244315716
100006689854805
100006305525326
100005924829250
100005558196016
100005018072309
100003332641535
100000976288529
100038080058152
100037938683416
100037527758830
100036413315301
100035644455112
100035496906232
100034911840259
100033842887814
100033501521225
100029447902051
100028990566474
100025986470851
100025529054747
100023531685139
100022235702107
100009273215525
100007231625487
100000552196669
100037450251922
100037269279711
100037209199855
100036448147679
100036242583613
100036045526113
100034287195148
100030378000329
100025763563363
100025424323231
100023946944312
100022863111546
100018069433048
100013192687508
100010543301280
100010331135919
100007574252482
100006589058958
100003500860149
100002147736479
100038258970289
100037982361674
100037060501020
100036132606980
100035614950797
100035100281867
100034985295848
100034587091756
100034560573681
100031745409095
100027966848861
100027065801850
100026289305022
100024734949852
100024290894769
100023407084305
100010546601379
100008028048855
100001636451618
100037967327892
100037946390754
100037759521295
100037357391879
100037003560816
100035847373031
100035570468510
100034662030161
100034122575104
100034034112848
100032302547457
100032079074453
100031992556352
100031269932765
100030782679093
100030511002517
100026875839321
100026467403138
100026113623802
100024328712800
100023987718201
100023723434483
100022461061063
100021134689723
100020347891455
100018995471800
100017434029745
100016490806231
100015233590617
100013923643726
100013821675392
100013467611247
100012815357428
100010836729706
100010741067665
100010240154551
100008972380867
100007473990979
100005884921045
100000744093973
100037793359503
100037069233380
100036998917959
100036545978573
100034490022593
100022365275494
100017538995503
100008407807921
100007895142750
100037969969200
100037966969336
100037309493301
100035599012652
100035599009959
100034679131135
100033957735667
100033781818811
100033338241567
100032946231676
100032822341761
100032678147329
100030719930607
100029555224382
100028862645981
100028076332774
100026241977765
100012216573821
100009602838717
100009214034682
100037621907800
100037480254253
100036706839864
100036202266818
100036067402253
100035833380846
100035754141796
100035236246620
100034303682732
100034191188854
100034017392990
100030747498689
100030197432324
100029888862363
100025248223347
100024209588376
100021575347678
100015355360607
100009548085729
100038134803814
100037949650235
100037526528898
100037328569895
100037149427284
100035151332729
100034800964507
100034768070313
100030567830284
100030020270688
100028123772652
100024791289979
100022580648630
100017720238083
100015824130142
100015568096864
100012691932883
100008335684833
100000968481255
100027938920301
100033888772449
100027450973701
100027621610394
100022182278159
100025200110824
100034462784751
100008967648552
100004013338725
100016589520901
100030707982943
100024055111715
100006661457602
100025652649970
100037729454852
100037048354700
100034981606576
100034873878941
100034269792241
100033405736799
100028346620965
100026347774990
100025751408936
100019680728264
100017157213923
100015600914621
100014699145900
100008534046387
100008139725692
100006178980195
100005592258754
100005485309476
100003618477775
100000153062265
100037118686632
100036552289386
100033260175610
100027743603583
100026654079908
100009049716669
100005226527940
100035878632575
100031728684225
100026923134129
100008185267158
100005718642838
100036730403542
100036380597594
100035052443645
100034753502985
100032175202013
100032149953332
100032017656071
100030121650895
100029270241455
100029197401461
100028882373260
100027413643219
100025985810502
100022934132830
100019230610777
100017944231569
100015615454121
100012340181309
100008381893850
100002361319679
100038011066257
100037834534257
100037482547425
100037473332316
100037351100649
100037254605416
100037228024372
100036631440192
100036471158808
100036171487796
100035690797208
100035066670104
100035005115361
100034993503754
100034991781019
100034382853996
100033725751085
100032494330994
100030634095200
100029517782209
100029248754869
100029153360829
100028716819085
100024747783187
100024619414470
100023265482577
100022987988446
100022774724252
100021980862552
100020852379822
100016744846153
100016356453563
100015003132889
100014121433717
100012115723407
100001365890077
100001031228480
100000918836850
100000862110022
100037598287739
100037443122864
100035600563726
100035125610852
100033786946263
100032898051916
100030151244790
100029201291898
100027565299157
100021408458488
100017269369413
100014659620240
100012520053020
100010981025922
100010714356242
100008376105481
100007818915754
100003910927635
100000777227471
100000219233463
1800188586
100015218050077
100004505438306
100013394919841
100025785442682
100014620389430
100030625610235
100035087641709
100038129914910
100037873280535
100037728527357
100037046473686
100036069590931
100034551862495
100032091164371
100029386063097
100027786712384
100021899682169
100014990760092
100008262425643
100000001294065
100037415554462
100036762515388
100036098496718
100035775044448
100035366342875
100034592533493
100034508437562
100034471663904
100034250270353
100031061358132
100030541631367
100029808373486
100029074371088
100028339631743
100027795462436
100027508895318
100026910530069
100026571622652
100026268306600
100025669759661
100025578084158
100024385082163
100019200575666
100017379157079
100016174842617
100015160869066
100014777011451
100014537403438
100014020686659
100010909981299
100010518812146
100010247027309
100008416567239
100008071892889
100007551090991
100006818776503
100006552557375
100003178446949
100037777425787
100037747033525
100037276921248
100037054350498
100035301230540
100034938300414
100034619315503
100034587995015
100034571911069
100034434323923
100032928760474
100029768840459
100029524233074
100029434009766
100029270631422
100028357220765
100027899086283
100027813259472
100025094201908
100023718511915
100023598609837
100022608555290
100021947209767
100015766962440
100015728797115
100015526657662
100015418113857
100015084251124
100014421090924
100010647496915
100009712924583
100009353269551
100007136648650
100007032723257
100005564852607
100003684573604
100002985432006
100002355244411
100001628078691
100038041362355
100037978094762
100037938196980
100037314551757
100036518183612
100036009108862
100035863862538
100035547441121
100035534402794
100035467981403
100035464402133
100033346758998
100031198202223
100029517450433
100028873486377
100028829124369
100027897159159
100027683859005
100027002544138
100025553132027
100025486985579
100024734196410
100024339639872
100024297648723
100021978583284
100021787083439
100018590492568
100018302738654
100015733863387
100015690333430
100014861561905
100013967079219
100012433038731
100012033010433
100009966697932
100007066362503
100002056570120
100000504063320
100038113687074
100037958174006
100037889449394
100037373440741
100037066608649
100036571218733
100035950353715
100035220161991
100035017637025
100034966718868
100034744784160
100034640378564
100034497231112
100034086078040
100033904434156
100032817913980
100032636224551
100031423698070
100030388357888
100030030022510
100029820137045
100029697396587
100028784264429
100028516292903
100028182754507
100028059365265
100027284494769
100027033134735
100026899786844
100026029810412
100025769541232
100025383423573
100025191691917
100025085565403
100023902532593
100022795131864
100022620143123
100022547083786
100022265291037
100021681464517
100021211035918
100016520719184
100016471757241
100013587872946
100012890525069
100011386176542
100011066799529
100010702333028
100010612814990
100008604969079
100007299760595
100007073497702
100006505269999
100004770063173
100004378273224
100003789719191
100003467050065
100008006168984
100013094657883
100024179112450
100027394059281
100009755778487
100004899437563
100031851976740
100033156518598
100023377884192
100014490247835
100015365776278
100014232859449
100029651686082
100037642641557
100036625215127
100036025506528
100033152375050
100030931965413
100027286713214
100026610817171
100024700260086
100022840266101
100022193615000
100017260833585
100014527627108
100013286830391
100010756206980
100008591403453
100007318902462
100007002125405
100005411863623
100037786043334
100037054761999
100037018655154
100035805499073
100030410776682
100029006805742
100028748710738
100026857494272
100022970401691
100018662559914
100015711669289
100012116166871
100011599327705
100011458254778
100011167271917
100006571305562
100005361369011
100005046962208
100002103501455
100000288466134
100037281700862
100037246809288
100036928158654
100036366202405
100036287221333
100036160909439
100036080222649
100036062795478
100035770430826
100035340397892
100033850104159
100033402244720
100033319941288
100030114497605
100028187255066
100028180721564
100027852279122
100027546249040
100027156240243
100026913647585
100026162220077
100025418372193
100025188693331
100024478275135
100023108106837
100022270153629
100017447078040
100013239368906
100012817028035
100012069408648
100011772193700
100008935905386
100007735061691
100006966456630
100005852080863
100004384625032
100035137727557
100034919296630
100034566935943
100033857852959
100032727666457
100032332582404
100030821475371
100030250217147
100029033802084
100024931092654
100024876491406
100024214354870
100023288808617
100022314850716
100016811945141
100013433345370
100011332047854
100006648706268
100004930147437
100004619689305
100037772916132
100036372038257
100035508199639
100035200113228
100033193584295
100032142186261
100030485771675
100030149404330
100029461124513
100028035095930
100027092440138
100023885440432
100023798449544
100022789814569
100020250339791
100009804761456
100009272514274
100003797204404
100002636686987
100001060099203
100035833384668
100035547420968
100035152871018
100027172191414
100026995841833
100024537605982
100023262526641
100023258149544
100015779700740
100015522886230
100015406151856
100013371522577
100012893475920
100010503496014
100008075438008
100004139702416
100003899989886
100000990213129
100000609381866
100037853555402
100036628653024
100035050125317
100034732695276
100033755165835
100033684454759
100030464480936
100029288314558
100028924382336
100027085503497
100026615083730
100023910247501
100022793746266
100022616073771
100019898623128
100015907607871
100013317917642
100008963553806
100037704922157
100036775266752
100036122660119
100035300223323
100032784530343
100029626412246
100028856780801
100028450313549
100025424375821
100024898238828
100021894889775
100010399265925
100010006456340
100006469967289
100005155176047
100038104895415
100037918118968
100037888634327
100037117242862
100036694772616
100036639946027
100036635959387
100036294133434
100036229322729
100035555296291
100034987832773
100034953442871
100034280601994
100033945904607
100033748148032
100032801852590
100031445134373
100030627153252
100030610146567
100030259537769
100029490366078
100028896375798
100028012653166
100027641496403
100027520335710
100026762114182
100026323324119
100025811070369
100024298920441
100022176572099
100017222741334
100016910222275
100015561092564
100015375064468
100014495619627
100013714931000
100013299425614
100012735581612
100011597289186
100011563051326
100011513239261
100011052664908
100010800219809
100010387577753
100009727240884
100009442927320
100009377113275
100008202104177
100007272109170
100006729287516
100005323982124
100005098151222
100002433163229
100002228192829
100000668691610
100000410255027
1603815548
100006432532758
100006942930310
100027471330511
100015168853515
100025033837138
100037729462795
100037587833049
100036695241575
100034860766664
100034289451747
100034191692327
100033472154966
100033149567901
100031671307967
100030572175427
100028573021949
100028004438058
100026407266478
100024712277364
100022242690971
100021903783634
100012401415237
100003290105568
100002689036999
100001137329121
100037162277795
100036204798957
100034550970248
100034230023144
100033700184025
100032064398322
100031817231145
100028425125529
100023576119820
100023093266602
100022852716411
100016960599099
100015475809838
100015282933397
100014069262337
100012410080178
100008714890982
100007110944999
100003071782167
100038021046568
100037980188155
100037780522083
100037638022516
100037630337730
100036040565882
100035680475601
100035602810687
100035335092771
100034839661702
100034511993190
100034400855202
100034180434081
100032805400926
100031270671704
100030760493570
100030348339483
100030173989310
100029443642594
100028410364469
100027490951916
100026963894713
100026510570171
100026482910857
100025472739410
100024545232988
100024442126294
100023820733745
100023525744613
100023495334016
100019104916562
100018670185981
100016982677126
100016105936057
100014361128822
100007715469118
100004133534570
100035889819802
100032588132304
100030562741108
100025510310829
100023110353663
100009803142694
100003980767206
100003043785501
100037759822425
100037712201173
100037454022009
100036014589076
100035426229679
100033505571635
100029966240639
100029494335195
100028987564655
100026373053896
100025458815164
100022326068133
100015896677447
100012676606954
100011579560086
100010787885667
100008315502177
100001090381913
100037056931231
100035788412132
100035036122187
100034461300224
100029327658424
100028905202134
100028250432941
100028177153157
100026948136440
100025247872706
100024920412118
100024623958923
100023419059371
100018316837981
100008347145878
100003827878417
100003101254323
100002384242450
100000914155348
100000669476690
100014357982066
100014228653682
100018010710451
100027354729548
100008342254182
100024212632769
100029966077794
100035755192041
100037861966136
100037086660929
100036850609131
100036245556033
100035987015145
100032829584933
100032742160251
100030539466374
100028906327690
100027573733038
100027571710704
100026862924341
100026854501595
100026346166189
100024690787204
100023406922370
100012107504864
100003109825537
100002066812906
100037996447834
100037461739446
100036968258382
100036251010174
100036207154996
100035678375883
100035265156662
100035254428232
100030465648714
100029942499716
100029448212650
100029355901671
100028515351287
100025162760091
100018520920654
100017709872423
100017004679056
100016124885472
100011733862967
100010590128637
100004782554956
100004428854986
100001182385860
100001144166108
100021771879904
100030952431616
100037735573437
100037617937733
100037397040586
100037281693365
100036675700047
100036546731553
100035738436604
100035588130525
100035409994161
100034868258605
100034728860373
100034391623407
100034369651979
100034298435713
100034285312784
100034076985612
100033355831140
100032830389055
100031820891205
100030307063896
100029170245637
100029069406663
100029013007764
100028969751850
100028928873309
100028662483725
100026859331138
100025009603317
100023911512791
100023005906442
100018416114417
100015472860655
100015382871857
100014424219158
100013134763905
100012964054036
100012369785855
100012276481898
100010685071659
100009320748347
100008749410110
100008368264986
100007824998441
100006950880126
100005793889010
100004256598061
100003355191896
100001002521671
100037923579463
100037803256742
100037668712517
100036803942149
100036608121237
100035807257034
100034418946732
100033897464069
100029720363528
100025224155983
100022192744221
100022014504248
100019243960365
100016398690397
100015050520347
100013382234576
100004417242789
100001646270788
100001147058039
1058719477
100037931441497
100020668928387
100013195321284
100014019437789
100031567650879
100023734191677
100031791857140
100037651069353
100037089333766
100036491341080
100036327617821
100035495987025
100035249240915
100034987932045
100034667003782
100034519760621
100034257353382
100033745332656
100033014173380
100032695790921
100029487367166
100029116848357
100028700449424
100028601304181
100028362931567
100025783845133
100025526470455
100024435064999
100024217003134
100024186008201
100022047469650
100019352719418
100019156568944
100016163220986
100015659624561
100015208081292
100014869140779
100013766640826
100012061779843
100011794130084
100008049693430
100004900537270
100004080707642
100003017098205
100001718690909
100037914429278
100037326092074
100036471736727
100035596850430
100035043903978
100034910850469
100030632980890
100028445709716
100027123759256
100026290683774
100025228532869
100024101933919
100023843177973
100023512493739
100023265890419
100021232009040
100017049151570
100003688555618
100003106972709
1848371015
100037771573704
100037681312636
100037159156309
100036903110666
100036825647953
100035402767436
100034931390213
100034750935644
100034695561501
100034055370143
100033988323735
100033146693222
100032229679042
100030644164945
100030593119249
100030344898698
100029342058192
100028462653784
100027084787974
100025338420561
100023930984310
100023713683969
100022309843400
100022219249245
100022054808145
100022016190575
100017853340188
100012979661042
100012000819042
100008843015138
100008466554287
100007647541416
100006345046351
100004140515076
100003860452248
100003748097632
100002915150406
100001374946371
100001235044820
1821376422
100037725441473
100036721421109
100036390904135
100036238174784
100036096005434
100035809171919
100035622372700
100035146239303
100035070731343
100035060622203
100034494605223
100033581273071
100033465934350
100032914836963
100029733081629
100029346607252
100027887884110
100026550644705
100026271215127
100026229980097
100025003261770
100024559181760
100020184004176
100012795990002
100011344393855
100006671256097
100006596291419
100006446412905
100005789942183
100004782913425
100003780013102
100002059970921
100001863014610
100001054211001
100037736930808
100036976283105
100036880206691
100036211154041
100035982694144
100034883444968
100034495834070
100034357442474
100033679689247
100033560867890
100031080172423
100028085415188
100027417141864
100026393391861
100025988194755
100015729814235
100013915149928
100012678693979
100007730551483
100037952286299
100037504020966
100036474663377
100034991722934
100034145793589
100033904012108
100031924505234
100029907090312
100028606235033
100026033927726
100022322164861
100016913825087
100014715348806
100013615302524
100009462857309
100004640804334
100003796683228
100000006030797
100037788316264
100036346446675
100034926150948
100032991544411
100031451753941
100029719950479
100026976473331
100024761193067
100023717012304
100022024747792
100011765932059
100011683174931
100007577892351
100001887183750
100001874680767
100001811304129
100000950133249
100000406936903
100036996334899
100036865760095
100034748416717
100034299199387
100034046195385
100033905197970
100032949632713
100030944959447
100030462305633
100028457821770
100026739424795
100026724787739
100023872451787
100023771049958
100022570730722
100017055791342
100014836954588
100010520595839
100007752946178
100005182545768
100038036762103
100037885268961
100037575739009
100037528571406
100036073773365
100035330647291
100034147744365
100033702162037
100030577784353
100027680027542
100026029816723
100024628614084
100024563712624
100015426942440
100014848202914
100013370802066
100012593896581
100010383733989
100004633442129
100001494681806
100014227184884
100034837181674
100028676057567
100023507890735
100034821043388
100005971753908
100035998642203
100011688290497
100018882588033
100008473540420
100012531108382
100002679841640
100023969436121
100008652934691
100003126868622
100036542842341
100034734946481
100006127512788
100026075119534
100037880437932
100036750574010
100035687981135
100035529110771
100032865053562
100030661130518
100028071703649
100027151806514
100025254760617
100025162599124
100015236809059
100015042969761
100014590020039
100006877146831
100006206985563
100005502795251
100003392383534
100003126570888
100000787930622
100032710234211
100028275545583
100027562367158
100020401722567
100004451777229
100037627725296
100037563125106
100035613019188
100034532692117
100033797981220
100031322589353
100031242840033
100031157143568
100030875596280
100030562000113
100026217860110
100024594541093
100009818560078
100009555135158
100009539768309
100009149596953
100006205878166
100004162087442
100008134752969
100009819943178
100038004723627
100037838588957
100037401612314
100037245091030
100037225058142
100036265026394
100035210797849
100034942411855
100034832349868
100034330099811
100032764148227
100030782094003
100029209023321
100027683479195
100024198466547
100022924691704
100022749138102
100022673753618
100022406901072
100021954952309
100021868091368
100017132382778
100016509708732
100015550150591
100014705741364
100014091099386
100011355661831
100010798212510
100010542310373
100009994574693
100008192461253
100008078323397
100007615938206
100003340741578
100001046697912
100037078121725
100037027356700
100036523634262
100035376123860
100033717195243
100031109521478
100029378162098
100029323666926
100028655163475
100026076750904
100025789841256
100024729564012
100024521410639
100016737857416
100015782641986
100014358946581
100013128493738
100010187048867
100007838490222
100005171168327
100037706451455
100036524991981
100036399706514
100036308505422
100035568431919
100035221474033
100034683564345
100033832639263
100032839312718
100032320787822
100029951482949
100029275142265
100028919620519
100028438743368
100027936263244
100027822218925
100027530780555
100026712825795
100026078362467
100025286791388
100024898246667
100024829505696
100024199901908
100021717639337
100021536132841
100017604312525
100014834205302
100014219408061
100014152933833
100013325268911
100008074033509
100007157059007
100004760910401
100004685821616
100000803847269
100022515360399
100019832807361
100012523218539
100013765866763
100025025599390
100037590360999
100036314556924
100036314130617
100034468033249
100034003095003
100032857214482
100032202794763
100031527360407
100031368764726
100030010983751
100029748523788
100028798852040
100028333117252
100027132757364
100026756620492
100026742132976
100024992421946
100014539717620
100007775344055
100037293371653
100035579554183
100035095822796
100033090782949
100011877945367
100037373584763
100037303723830
100036731771878
100035631378019
100029423741459
100029122157419
100028898749136
100028761643801
100028220856528
100027946058844
100027802300580
100026833838940
100023599189616
100011332575344
100010919354394
100010878482622
100005024566701
100002353893004
100036904624789
100035425419005
100034407846267
100032176760074
100027681014576
100024537104517
100023695845129
100022690612050
100021883714696
100015319966843
100013314301303
100010647907005
100009630046547
100008049282251
100007014753053
100006512133321
100006359141918
100005691076664
100002556660371
100032395425053
100033861743320
100025686849222
100028221574446
100036507637545
100035648622469
100034357396263
100033852584144
100032441114877
100031719155660
100031066463689
100030364710709
100029227449037
100027008304303
100027001481421
100023755866273
100015131831471
100013815366717
100012074052337
100000787290116
100037692529699
100037658624558
100037302540889
100037017486110
100036733009064
100036531790076
100036056981731
100035828681623
100034508415759
100034383442161
100031994493524
100031160255692
100029353307676
100028473667169
100027345091566
100027004442299
100025092963211
100024847029169
100023085636215
100021589160328
100017937257957
100015375481912
100012967213642
100011730087644
100010521432112
100010154882663
100006265729028
100004578046319
100037320521926
100036779119661
100035681871534
100033758225538
100032785429532
100028966443693
100026386010311
100025118825578
100024938782237
100024667818938
100024255012713
100021600833863
100020855423656
100016959882386
100016777212096
100014984586791
100013278302919
100008030255206
100001580046416
100001281157245
100037991942758
100036741803649
100036526007931
100036067111466
100035824277843
100035667585199
100035397403581
100035264431108
100033549674848
100033167121505
100030979792095
100030805339366
100030006300473
100028056462968
100027784213577
100027523101288
100026581929656
100025814900445
100024766900808
100024047722874
100023896163587
100023335852984
100021850561544
100012758470024
100011488148530
100010729564013
100008907665064
100008334244063
100007848312525
100007844261153
100006188232505
100005680478241
100005382042739
100004435753651
100003477692184
100003185727914
100002753489210
100001834393302
100001027231105
100000170670473
100012988984454
100034611720589
100027875803517
100037845841055
100037117423362
100034521155072
100033802212701
100032066687318
100031225213016
100031128635137
100029618616904
100029432137583
100026595005539
100026180520757
100024010837977
100015894732305
100009391675116
100027738246715
100037712588684
100034940715101
100034592281807
100033671800564
100032131980345
100031283801702
100029798872039
100028582122660
100027374107861
100027113234010
100026917067971
100026786925335
100026598071956
100026549686590
100023565440923
100014680333867
100009734409076
100008193031454
100005385766564
100005138353668
100036196639247
100034634271397
100034280783326
100032411149171
100031153830478
100029377151564
100029249023885
100029033492577
100028905240041
100028265315022
100027090691721
100024487877901
100024156143870
100022883811370
100022865534050
100021671913488
100008564432775
100007620454893
100002718683564
100037845160795
100030113809278
100023019848296
100022949001685
100016605494244
100013452210573
100010037809187
100006016186249
100033533169424
100023510616846
100026849829759
100035134515779
100025971023879
100024298545453
100009852660476
100036097480539
100035910545792
100033571128400
100030244412476
100029945813841
100029240880448
100027713982907
100025166226978
100011863951569
100011427141177
100007697233141
100005205589411
100004839224879
100000915272826
100037469166875
100037443228553
100036258202708
100036155414968
100035298332008
100034915758546
100034874420837
100034625090346
100034476495008
100034457292421
100034203773071
100033905287990
100032124452860
100030682882211
100030627852268
100027458208248
100024405396837
100023979517055
100023791235325
100023662242141
100022877651620
100022766330067
100019871163016
100018299019675
100017677541614
100016284648977
100015452806093
100013123443306
100011755785069
100011452209223
100011206031940
100010405068375
100009489133193
100008044631654
100007381504176
100005987532449
100005213082269
100004728336061
100003688161372
100001156695705
100015400081480
100025664208558
100031030363122
100037729307467
100036878382527
100036527675474
100036303980514
100036110981211
100035197928856
100035191364246
100033542543338
100033460523911
100033284661499
100032883614493
100031024723377
100030224259178
100030120877023
100028968676408
100027676180862
100024084229998
100018974743322
100017498081076
100015504339525
100015504041025
100013603339085
100009782987179
100006225280202
100004622897005
100003516520643
100001654758787
100000909523666
100000354655782
100014822776034
100025927927641
100028076466477
100005343003984
100037309613115
100001067438027
100037853765993
100037779999818
100037583260316
100035988455875
100035712137814
100035515113543
100034653453428
100033977616749
100033445432838
100033164773062
100033136607975
100031622499769
100031333583904
100031331406569
100030319665018
100029600928112
100028348833186
100028212503255
100028150997590
100027960345614
100026775156023
100024920403743
100024542953708
100024425253375
100023235513466
100022602068769
100022502554495
100019469372888
100017878157792
100017736572866
100015788793179
100012917885616
100012700249201
100011711352532
100011445404600
100010559080130
100010440669913
100007427912029
100005415701125
100004758251752
100036970403430
100034811041964
100034239990436
100032014242615
100030718500112
100029979849060
100027913509617
100027062091033
100026154670598
100024560596168
100023578731990
100016480324559
100015789608721
100014946436016
100014186171348
100012704611058
100012445770954
100011924716057
100010550703237
100002237329029
100036487021893
100036426050351
100034563114063
100034432927848
100033750774388
100033729880857
100033463819468
100031698254484
100031648210126
100028146017849
100026500786795
100024386476773
100024082205449
100013523678771
100010050600426
100004969187844
100003498399371
100035128214785
100034519957945
100034099402946
100033698032085
100031702773479
100030147231046
100029395261692
100026935685614
100023170424567
100022079962411
100021836940409
100018960908244
100014724062364
100010519605494
100010453034192
100007997465665
100003350870170
100002326000679
1532312883
100037956213216
100037738002065
100037492929852
100037172285563
100035557004842
100035425119307
100031182692926
100028783582658
100028321309921
100027709128786
100023604664259
100018282271829
100015936581505
100015394572814
100015226303879
100014907370236
100013426365175
100012800200776
100004317035538
100037341993393
100037039643237
100036294969184
100035483573496
100034409829161
100033541485900
100033215808802
100031320261365
100031032968774
100030376493316
100029818819014
100029756831913
100029089580346
100022441301057
100012640092349
100003773014481
100035238342525
100030931809851
100030745068961
100028944681979
100028934084800
100028625652961
100028123041778
100028108009151
100026522719209
100026501480154
100024890663480
100022030820808
100021470572948
100021279802231
100017590510373
100013822146563
100010518076025
100010315684896
100008196767656
100035098655904
100034546552595
100033847363993
100031138984213
100030850384234
100029076305546
100025449183312
100024848211394
100022656163702
100022548576839
100022364265495
100018033226998
100017204534026
100017017638669
100013541354123
100013495384045
100011303983176
100003732602994
100035908501276
100035899067233
100035331213744
100035277818523
100034376882376
100034300241585
100032743635500
100031137002900
100030742583507
100029965176452
100028274325573
100027830497573
100026981018857
100023860867204
100023521867882
100022885515464
100018997606005
100014482668274
100012702108807
100037922164462
100037755732903
100037651431304
100036971532004
100036599323899
100036500460436
100036467224169
100036373172584
100035661257423
100035506220978
100034974410213
100034551571704
100033850053422
100032228000555
100030664971134
100030338320046
100029878447180
100029316914556
100028175587319
100028125803001
100026952523521
100026684212438
100024747161621
100024557897733
100024485931426
100023668695967
100023630196279
100016793828372
100014092001637
100014027410752
100013760656190
100012789311383
100012288966824
100010537008017
100009659234632
100006949536309
100006652666819
100037954861949
100037536099675
100036764780603
100036608540565
100030855601243
100030391161912
100029954683661
100029942389806
100028805676541
100028644829126
100026552348604
100026469647160
100024292050933
100023734129216
100022911650776
100022310693750
100021921884905
100021734311731
100021286123117
100020999140760
100019781344355
100015573901249
100015137771938
100014751995349
100012311500587
100011182699301
100010834693062
100009375851539
100006758550412
100006430715238
100006129735928
100002512598675
100002111913975
100001889829623
100001722934642
100001422785896
100001044071201
100000467219224
100000005059912
100037498354831
100036382961011
100036247450358
100033365619130
100029164771459
100028576882300
100028291159725
100028102070358
100027281744349
100025649012069
100025443458821
100025136673399
100024305552720
100020730994327
100012210154143
100009340352759
100005324291768
100003734386133
100000333238379
100035663752901
100034805202475
100034090093788
100033556812520
100031065770513
100030752045561
100029553870154
100028903843676
100027325152744
100026782651670
100025600069459
100023968950570
100015518050828
100010005726265
100005059680342
100003584686839
100002887632731
100023768180372
100007501752196
100027732613438
100034261936878
100011417914559
100028699216320
100014110721352
100033056900328
100016439199562
100009411137050
100014971715842
100022632113307
100022440424071
100014665028991
100023372895565
100036376350380
100033086616258
100025506845084
100023237470122
100021834834119
100007464304827
100003619668253
100026285824332
100026106270172
100033962522979
100031922149870
100031820003884
100029594990905
100029578301000
100027550120026
100026616405507
100025996144569
100024168761641
100022902276822
100019160233910
100016007475976
100014910758247
100006741853728
100005306026486
100003558118670
100002715813692
100001926009172
100029313489715
100029162043735
100032589005606
100034487151475
100034785581302
100032809620311
100037174844809
100036799221944
100036655202175
100035908620960
100035838617223
100034708849716
100034628081386
100034526021272
100034124885631
100033752982625
100033455270850
100032443954449
100031194063624
100025109852898
100024057313052
100023094720280
100016315814371
100013621449910
100009820506819
100008074212207
100037735994217
100037247963739
100034517932484
100033320523721
100029871348744
100020732056024
100015882664640
100008304512707
100007575159365
100036944382928
100036775912889
100036349807292
100035994172271
100035865259750
100033538912352
100033033189616
100030798122114
100030628333536
100028771522413
100028289239544
100028220408817
100022807007020
100017720561566
100015476493473
100015067092697
100012982568152
100010493053863
100006641462096
100036221944422
100034689408241
100034440913507
100033845154186
100032030881194
100029532453499
100026899140686
100013098938491
100009278583895
100006114071451
100004497124230
100036643591886
100033877370970
100032057241156
100027884385181
100025343352306
100016824575135
100001665202098
100036490699083
100036253425738
100035757664885
100035409819439
100029067002253
100026575428330
100026249122022
100025115493159
100018790485375
100011747616023
100011109616695
100030266700056
100037046323869
100034641161421
100017063730800
100009878236833
100034789995098
100036031636568
100035236804825
100032134272088
100035473603003
100037350144157
100035552212930
100035347639725
100034781944216
100033804300354
100033495223540
100033238943970
100028713258108
100028524399465
100027891991894
100026723529959
100016948774706
100015170920507
100014933800977
100013067742945
100008034161013
100007268117385
100001709308415
100001092839158
100037662368300
100037431545950
100036820351531
100036690394733
100034755342876
100034667582438
100034165882707
100033653013811
100029997111592
100028158163170
100027107521472
100026408269574
100024491361812
100022133350711
100018813184010
100017043844299
100013830969846
100004410737166
100003492656803
100000205571449
100037440732618
100037297910776
100036956354470
100036356141467
100036191447192
100035873257152
100035423680378
100035300986526
100035100375906
100034589319119
100033853864748
100032221200162
100031973110949
100031416309046
100030820804244
100029077392463
100027954744354
100027109639114
100026673186355
100024746063601
100024609136406
100024244713888
100023914750443
100023895519796
100022527576777
100022171515232
100022112662482
100017665084887
100017551900993
100017456085665
100017378465764
100010549216186
100007617362917
100007605696185
100005136885311
100004832383671
100003854404689
100001594270233
100037756145199
100037633094500
100037098310768
100036805011771
100036631052952
100036085460766
100035918911158
100035711610158
100035461670545
100035166065812
100035050419826
100034955769342
100034657668216
100034388588654
100034167765039
100034154822956
100034148955977
100032090802363
100029005628522
100028116900160
100027985126668
100027970602999
100027624495512
100025038697526
100023610842223
100023432954454
100022873743177
100018585408335
100016909803700
100016482068404
100013684507537
100012415020816
100012138108380
100011356780521
100009912189206
100008983753044
100006597452904
100006206443387
100000986598755
100035820753794
100034407677899
100029273383894
100027557000314
100025458099481
100023555954241
100022391853553
100015165614161
100014037075907
100013047618992
100012640024437
100007256058536
100006869778326
100006611612964
100005762852065
100005098231311
100003759413074
100002466882536
100000202560718
100037629917188
100036925186208
100036896384399
100036790471322
100036071060584
100035251061408
100034939924156
100034844749071
100031491230024
100029354655678
100028002793412
100026265844348
100023122392373
100012642107746
100012132185626
100011643676141
100011438199476
100005958696230
100037652340195
100037242262090
100036320986091
100035419865626
100034349764157
100033782587322
100033595341501
100033556325645
100027297263432
100027193024145
100026528393210
100023496376336
100021994295989
100019114653282
100015289117547
100012155357079
100006852186643
100005330711471
100001761374609
100037703019352
100037655326349
100037462290674
100036507187336
100036047552584
100035806371120
100035725850380
100035402943209
100034981489879
100027071351793
100022894371389
100016985734058
100012689791495
100009317935494
100008531378591
100006938942453
100006523666593
100001186665154
100037596404352
100036895665449
100036827888522
100034043992330
100033136293640
100032613833941
100031832152496
100028881923449
100028232140666
100028112976826
100027892130441
100026993350263
100023652967351
100021725163292
100014369505747
100014350868252
100007778465395
100004619616508
100001102315527
100037862284115
100037554222610
100037515862923
100037458250183
100037454496408
100037208646367
100036614678985
100036344202555
100035944206903
100035909371185
100035405209495
100035327843005
100034849720799
100034418194658
100034404910371
100033356898611
100031500755559
100030639550471
100029968562954
100027908166396
100027686687324
100027260984102
100026660070466
100026249603361
100024771942068
100024173495289
100022786507987
100021912931169
100018285491998
100018136214620
100010361711899
100009813154234
100008180254371
100007613042621
100007173392800
100003055207708
100002836773097
100037461004174
100036706382269
100036486163467
100036324946167
100035606049888
100034905683158
100034635519182
100033725135190
100033506464997
100033320689073
100033077110323
100029822946831
100029023132594
100027297992979
100027012940760
100022848172521
100015301778943
100010705326025
100009727145531
100036711530330
100036242238047
100035464434282
100035266073273
100034775389746
100034462836342
100033644412975
100033179212870
100031024687688
100030467121058
100027860422792
100025127985635
100024843371231
100021869621316
100015425501374
100012449052406
100009339245724
100007001506423
100006868321472
100000278369007
100036625999522
100035601601615
100035588955118
100035401532848
100035059192943
100035034439843
100034593406174
100033644174295
100032894659356
100029876231400
100029255041862
100027043624647
100024211500655
100023896896475
100018587014330
100016842342762
100014402412336
100009100529642
100004612275817
100037800516812
100037541512899
100037215052009
100037177666744
100037090674367
100036206524555
100035895941896
100035700126776
100034503759063
100033299200801
100030561108435
100029907168972
100028962720321
100027650633928
100022620332206
100021965494782
100019360689479
100037832405525
100037664980835
100037546313845
100037416342455
100036417953519
100035305900151
100034973202639
100034971422887
100034071938139
100028178353290
100027351291315
100026885160591
100025771057648
100010305313704
100010028048238
100009914029080
100005097425733
100004450231918
100004211956489
100037463482130
100036626861662
100036619701023
100036433700998
100035385818406
100035211875859
100035179044253
100035113901615
100034078149520
100034072754279
100029985050650
100029935890872
100028590036759
100027467101993
100027349157698
100022216593162
100013382618544
100008514903704
100005661108428
100002429337832
100037529781425
100037425966340
100037232990357
100036970877754
100036713042301
100036539914261
100036350321398
100035509215146
100034744686144
100034303001938
100033533264510
100033290018467
100031821083718
100030296018035
100030277903569
100029401702092
100028717186551
100027830499974
100027387262301
100027384882112
100027146522526
100024709182082
100023889440475
100022280195404
100021971223078
100021870549794
100015588396839
100014899094572
100013626737731
100012697993267
100011047751948
100009394932288
100008437291543
100007832864831
100006920581064
100006246008436
100006163541708
100004098997451
100037705690715
100037524321490
100036480365819
100036143315853
100036097713786
100035330299054
100035191658231
100034759775721
100031792880127
100029417738461
100029232920046
100028044451729
100026057460375
100021941812257
100012576462293
100012169924522
100009463046315
100004650604784
100000577952610
100037377782567
100036885705438
100035007518864
100034808920056
100033193508515
100030314779819
100029976350413
100028272157165
100028073119767
100024399915572
100024354485843
100018744961565
100012666343972
100012634784223
100008623440275
100007760594812
100003565825660
100002060421940
100034491740170
100037016100523
100036852197268
100035813783026
100035252505046
100034918182125
100034046447842
100033647312121
100033395358849
100032651453618
100028106419272
100028089621857
100022030281277
100016682641464
100015458705792
100012891422521
100010539889606
100009027572322
100007771144015
100004031022114
100004014290835
100028440220192
100023972297163
100022790500529
100012891157062
100026538861041
100023739078762
100030906484455
100035159704035
100025217454212
100015908253868
100015292906919
100036816408866
100023959603398
100026795118480
100001341988532
100028282626102
100004460324091
100037142357034
100035793876751
100035105623743
100034932514390
100033972340108
100031023004638
100028663632745
100024429393395
100024283531761
100023059053539
100015501009998
100015288600994
100015173358507
100012298059438
100012277085997
100007398336894
100005704932139
100000890609246
100000193794680
100037643288663
100037303938860
100035201120494
100034879625620
100034821941950
100034814270464
100034454685905
100034088213084
100033618976908
100033028878156
100029722358921
100028431245129
100028115862019
100025448285387
100024496741011
100023076182158
100019714519290
100018105423737
100017870081691
100016388027635
100011880429607
100010335605590
100009875311657
100004648748057
100003707844417
100002324102275
100002236550096
100001636388111
100001107811492
100001050000062
100037053576513
100036439207587
100035623072638
100035178812841
100034913406936
100032671878471
100029572313665
100029403974373
100028669873518
100026164148392
100024028711611
100021775366921
100018433953064
100017182980432
100014466945346
100012613877752
100001417008560
100000579661154
100004803422304
100035722563664
100034749671887
100034098495039
100033323239723
100029593040324
100028624303791
100024684454714
100022509324334
100021742568591
100017870560761
100011694764952
100010212527988
100009124985367
100001640523381
100027385121095
100032076992512
100026298544514
100037203848253
100033000143650
100030981249303
100026144116269
100011227153928
100005448257473
100004545707412
100000107766053
100037492576693
100026781795997
100014729024240
100013761699546
100012194344176
100010053614403
100001620514975
100037030473244
100036702464694
100036307241784
100035869844929
100032691292242
100031014286001
100030219283731
100026385421600
100026086980792
100024269140142
100021086739971
100018513614703
100016825680256
100014805606453
100011846562186
100009215047742
100007514259263
100004151380299
100037361723580
100037331865758
100036449806699
100035856887477
100035710432481
100034920190361
100033988440210
100019573598608
100007818999561
100015063047236
100033541776644
100016775315628
100026582881260
100036823441254
100024508540019
100022776214194
100018030917756
100014686535441
100000593545501
100037199450708
100035954435006
100034892629474
100030271817333
100028296515834
100025131102341
100023914234173
100023286382597
100022186787412
100019235404096
100015271714453
100011870816111
100011034945038
100009704419215
100007900369467
100004201063679
100003759343101
100002606873684
100001661716083
100036479470238
100035923893066
100035889730665
100035586582524
100035281400429
100035076617573
100034220994326
100031403802443
100031114080209
100027860624841
100027614533273
100026391522351
100025156302689
100017246074163
100015402152257
100013321024643
100012482618161
100011677749492
100011044687755
100007371033340
100037435158704
100037346207150
100036420541941
100036150976163
100035926580763
100035885622876
100035699711589
100035555166889
100035438723589
100035131235119
100034159281132
100033714080877
100033278509023
100031095465382
100030400183295
100029418690188
100029389094989
100029137332953
100028379169110
100027632454278
100026377221952
100024165976271
100022385959732
100019553867277
100016129773609
100015192697422
100013340253257
100012187097530
100009017377928
100007028347179
100005174026857
100004766434940
100004284099631
100002569915004
100002280747802
100000736968039
100000623941965
100000191516700
100036547911377
100036157388526
100035216181268
100035031840726
100034684566082
100034568893912
100033821057239
100032527522938
100031509480755
100031036489604
100029892343970
100016472534379
100011288409742
100009390425934
100007178594953
100001478797210
100024206683602
100012262157989
100009072723826
100022751679642
100034575034653
100017685093270
100036312010990
100033791138705
100037022723387
100030531936751
100025738094277
100027065885106
100024621397871
100009454052953
100002990797445
100037719450476
100037630685426
100037400539870
100037122284698
100035927798082
100035653427936
100035638607821
100034721358311
100034706301575
100033532174566
100031564763565
100030624484908
100030541274834
100030388540275
100029368447190
100027942259858
100027897017092
100027265905663
100027042940924
100026493426303
100025694771703
100024102433102
100022454781078
100017078950091
100016986037354
100016195753693
100015528820182
100015141394249
100012522855845
100011304044956
100010171605462
100009643395866
100008783836250
100008231345004
100007642369185
100006655818624
100003154070076
100036221243642
100028895353023
100028690547122
100028167855245
100027561992235
100025120245140
100023663680198
100013834504772
100006946033030
100013159802616
100030200329811
100037479104328
100037668931525
100037019850163
100036987736284
100036126604351
100035177310939
100035094096672
100034359391895
100033911168931
100033795905053
100033485377693
100032865727371
100031891022106
100031709199885
100031645982923
100031614871358
100030390441588
100029817741183
100029031630826
100027714111287
100027474901434
100026319150881
100025791840897
100025552669424
100024976674196
100024822979660
100024230014376
100023974840480
100023414251315
100022820108646
100021853008160
100019249869722
100017602171059
100016699936232
100016658653453
100016418864665
100015378587572
100013950858949
100012858648054
100011003762366
100009337477367
100008949886840
100006285395085
100005332668910
100003602346289
100003367999393
100002026300392
100001705416396
100036647323176
100035558834717
100035542445632
100030861780169
100027891435543
100023292071482
100018617147181
100015574426579
100013512316119
100012221203459
100011433361592
100010852428928
100004770369689
100003154577606
100002172880261
100001695685379
100000819526372
100000060256267
100009278211423
100009039538879
100031787286202
100027497656672
100036861558442
1842238054
100037653813135
100036862640389
100036598401249
100035900441781
100035788822022
100035697011920
100035476969427
100034584623494
100032808220870
100032705984105
100032644898486
100032048254029
100031419693154
100030154039519
100029359366827
100028491994078
100028256613331
100027681913950
100027258848220
100027186611625
100026826061009
100026476844134
100026216714121
100026020548482
100024462751278
100023254263945
100021910866716
100021171252004
100020690383984
100020196858618
100014914866965
100014583184696
100011112755431
100007279868729
100007097706481
100006039065669
100004456474300
100036411381944
100035325483277
100035004699167
100034881980776
100034110579702
100032648383967
100028506498302
100026924831807
100026921600273
100024621999795
100023911125356
100022271227482
100018299889284
100016217022774
100010598568214
100007885361715
100002876043205
100037652823127
100036745928739
100036165981333
100035857000003
100035592390089
100035410980109
100035031161600
100034692066720
100034511771511
100033167022854
100032801264489
100032721494746
100032640542404
100031643021304
100030907992838
100030822613177
100030771141115
100029521712562
100029286722842
100028985361916
100028636791714
100028436599739
100027611450859
100025757253579
100024172121536
100022660701908
100020802712143
100020687735879
100019997042199
100017186078109
100015221020015
100014582110088
100013554515428
100013403109601
100011762101951
100005245002044
100004143974678
100003359423365
100003012016470
100002593603434
100030787782459
100030764329915
100034767371073
100007857734136
100034552749876
100004090448102
100000581042046
100036009876656
100035104143120
100027498665672
100023080990369
100029156135913
100026350969238
100022878831045
100021570330982
100009443219194
100005185573563
100001391600456
100028355327943
100019082949220
100037079385326
100035488983566
100034239313831
100033117614628
100033075300805
100032892252993
100032164693180
100030367060864
100029412172702
100029182121701
100025697812741
100024199702112
100023228438762
100022291592180
100019099336525
100017830779434
100015474677094
100014431508096
100011352557350
100011313547194
100011035623583
100010037297203
100006289980482
100003695623071
100003598093977
100013398670573
100027333224808
100016731555731
100013571747087
100012979022908
100000650792719
100037238660935
100036549251897
100035817889914
100035207507696
100030314079257
100030210756384
100029007053031
100027547363992
100024372323562
100023599004724
100023159344497
100013892984238
100003624062976
100036457830370
100033935947751
100033653533887
100029479880703
100026266380879
100026128875640
100025245257768
100022782278445
100022529209476
100021046816655
100017025542577
100016824135667
100015153552288
100013627862021
100012870884091
100009124713490
100006265871317
100003823871091
100035360944101
100034970418577
100034634021652
100029575656595
100029226346249
100027805270436
100026796902673
100024610777962
100024527621049
100023961849068
100023195468652
100014615672266
100014125382517
100010528305269
100010262109207
100007263277331
100006554882842
100001888020773
100037571160633
100035227680623
100034858336143
100031650517100
100029210253706
100028456249782
100022704527222
100017524603578
100011021012335
100009756030812
100009711906598
100009305356577
100008067573431
100035901559683
100023591971842
100030131051627
100013461009341
100034808741931
100034981943386
100006509088888
100011662925844
100015265205738
100004193703065
100023535429781
100034665131510
100034277783892
100033670939527
100033375582043
100032149991998
100031953802272
100031130449726
100028568161383
100028134513131
100026360340965
100024929734287
100023342117303
100022793162744
100018805746317
100018362418924
100013626815213
100011372220408
100008860620997
100035253253876
100030564369048
100025599412032
100022909044062
100019301868453
100015265027447
100014079223038
100011960059229
100001676436030
100027772599425
100013542751770
100021362480180
100015064025656
100024852336314
100010427568960
100009817710357
100023869087874
100036054795236
100035406810271
100034753051642
100034011376821
100031424962396
100028809499370
100028446557962
100027874812325
100027783583609
100026964258847
100024656956364
100024003341768
100023809110844
100017428239545
100016985850790
100005345208030
100004564710752
100003662001669
100002760915697
100036698523762
100035327641765
100034907313918
100034898901952
100034376359911
100032392365001
100029282871816
100029091830868
100027421478750
100023780770528
100023725118940
100023509372362
100022534156457
100015537669372
100014833920744
100013686275510
100008269862082
100004122480411
100003384981396
100037073680993
100036794152015
100036697038174
100034892093973
100031690010424
100030714571201
100027110974894
100024068770998
100014915534705
100012807640679
100011617814338
100010227312922
100009700111033
100009577326570
100004396068113
100003936916752
100002942029530
100014387103729
100037159084222
100009383511182
100037142566708
100033743686221
100015268476934
100010299286566
100022357514826
100037170562554
100034426873613
100033144611706
100026974925637
100023809800721
100023476061733
100023187348365
100022947601852
100017346435783
100017159077166
100016828693766
100014330557441
100009130489228
100006006348205
100004579452357
100003699667436
100036760734331
100035661470304
100034596472094
100033379361121
100032259065922
100029025528816
100028691208588
100025899368657
100024687203401
100023843852958
100022301741113
100016151745110
100015783672209
100015299940411
100014351652870
100013910140043
100012797205193
100003834485099
100036664456896
100035042320678
100034718149311
100034417682423
100031841842511
100030481922855
100029111256492
100026764214743
100025757301732
100018255677964
100014506299219
100004667973778
100006596627091
100036320567796
100035601842280
100033392538176
100032683217350
100032347268494
100031592163265
100030937429756
100025804931273
100024726517358
100023256108788
100015371317331
100012962203564
100012239701760
100005759077140
100001023866473
100028892171743
100026755201464
100025187484071
100023655511857
100022492125677
100019133193139
100018130352003
100016489117375
100015475985396
100015435247953
100015434920298
100014574454959
100037345690535
100033454504115
100033208928242
100031969512781
100029325199449
100027392420548
100023691922778
100015444577137
100012146740483
100011341110329
100009371725726
100000545127494
100036770375962
100035380034471
100034004703927
100033234383527
100032551443171
100031692667802
100031044052348
100029813564127
100028273131659
100027779829220
100027699280640
100022221862716
100021763100290
100017890953989
100016022172095
100011072109352
100010214267453
100003350317190
100027705512628
100026754362857
100022728440226
100011595134069
100000258508646
100037621110269
100032854382168
100028424513979
100028408230394
100028188977654
100026608688502
100023707080941
100023637544195
100023625243020
100023135573258
100022651055184
100017766646341
100014833968312
100014108047663
100013863318522
100013036747793
100011277580673
100010202520824
100008294972768
100004929678293
100032158411753
100024940613440
100032661541626
100026947756315
100001216906421
100036677013955
100036263707075
100036207452170
100035009120673
100034240190446
100030093740333
100028555567178
100026463559773
100025028596984
100022672251657
100018372015761
100013838732350
100011454862611
100011005091982
100010948770243
100005892819576
100005341635256
100002922630063
100037425819838
100036732133251
100033946172402
100033646771576
100031572252361
100028096191041
100023215283266
100018376230473
100015447403021
100013400401064
100033231890504
100032661440912
100032287806033
100032263060048
100032127129806
100029280548720
100027979935556
100027445854138
100024005963214
100023989059579
100023447237775
100022492119828
100021414766495
100014274014924
100000429889359
100037421532046
100036747554448
100035551489704
100035355503101
100034172054481
100033030498535
100031581882882
100030020554245
100027580741865
100027449344991
100024887049882
100022859707114
100022741275075
100021505129376
100014900354921
100013249188514
100004007947049
100001918416597
100032594206955
100030840922147
100030617432990
100028840853015
100028840384128
100027177120302
100027149440071
100025049883909
100024929623917
100024294091759
100023997344238
100022465134345
100019511508141
100013693570708
100012949323451
100009356969500
100007639120400
100005384022813
100004049084730
100026091996472
100003581034815
100013231863062
100035778503075
100035548703839
100033738006225
100033587750695
100025860003560
100016477637252
100012712290817
100009704736965
100007270960598
100001077204456
100007980006867
100026876590924
100016331652766
100011351008408
100029018235703
100028421591168
100025385018777
100025185592289
100025113623205
100015166592414
100007272091430
100037218082631
100034968756947
100033503627501
100032491353593
100027546135686
100027450945207
100017244061759
100009901515410
100009369488066
100006980328606
100006103158817
100003710098651
100022578099228
100033682748865
100034815919446
100036216066448
100028575102321
100021997548527
100001618947844
100036236979449
100035158571317
100029439667846
100027913822083
100026665188282
100024095362196
100021977078586
100014386562648
100011629413353
100009143982560
100007164129139
100004674604284
100001107243364
100000571677033
100036286004409
100036230329176
100036035363183
100035691574518
100035643671060
100035193061733
100034970850517
100034548039986
100034486155206
100033412521206
100028302609719
100025940161641
100024532742185
100023474482727
100021997776487
100017876072488
100017075191697
100015402912249
100006044973707
100009821659343
100027921321154
100012400724336
100010828503609
100000876937527
100012168819023
100010682760620
100013642339165
100024319210859
100034988255849
100034780005604
100030185627906
100028616475886
100028125410028
100027198527345
100025089710602
100023699288121
100022940284370
100021948150852
100018735276701
100015246372143
100012601968250
100009622428781
100005381284012
100004910346237
100002577950582
100000684555661
100000682869994
100036407821658
100034264891679
100027361804195
100022958502454
100021983046285
100017997181763
100015225460830
100014175225609
100003049811872
100036534400123
100032272502251
100031879957678
100028296631619
100024911930501
100024706689185
100024012575832
100022996773562
100022805721479
100022363688900
100022142916115
100017469037733
100016904982414
100009620167935
100007664232213
100006597250411
100005156617092
100002926542216
100000304484989
100015998652797
100027649785169
100036486905623
100028383872468
100027657977001
100022971098461
100013934476446
100037513383512
100028531312681
100016159568829
100014818699352
100034023853914
100033743265608
100031780028339
100035919091266
100034892526137
100033635797432
100032900318845
100025614427331
100023936171111
100023623954191
100023318943643
100018366526524
100008416034095
100005795567832
100005519718804
100005370697846
100004891869916
100018796922622
100036267769287
100019183696922
100007997403069
100003671788423
100036132711799
100035349292143
100034882987813
100034224666650
100032547193340
100029349304460
100028895573486
100026808307458
100025180251557
100024755660129
100021243290816
100019448836949
100018656088692
100016037701973
100014128897536
100012334950598
100037264211616
100035406548937
100035111252087
100034265273049
100024471083905
100014109398699
100007332077109
100004449060728
100003088777562
100002416302425
100001263674606
100000977831761
100006725596691
100026886225143
100012333916106
100030381136628
100003743335684
100029071591120
100028464316332
100028004100675
100027647569372
100024215094097
100022067328922
100007164842302
100000617623090
100035802469860
100035239052126
100034570544335
100034388193434
100032217219529
100030829920787
100029930581943
100029063626875
100025528680624
100015104496631
100014821872782
100005941784691
100004858786163
100000228226086
100037309744974
100036395751330
100033827254198
100030996803585
100030683717358
100029304900764
100029123094117
100028079978761
100027952592591
100027459277160
100022063984578
100021482143285
100018126130018
100017781541946
100012598052120
100012411644355
100011207763769
100035241323114
100037048025740
100035590303988
100035117198896
100034986405466
100031136543735
100029387781954
100027394367934
100025441399490
100025288091202
100023466980911
100023400780158
100022125802213
100021978425135
100014170562939
100012842828552
100011781733897
100011317157590
100010370353056
100009602783193
100009365929318
100037085164496
100029509060490
100023716057502
100015832422493
100008342015997
100004042279701
100007161241998
100036196724357
100021967777142
100011080518086
100007694821855
100005862300971
100034867561157
100005857772925
100037459652952
100036444273278
100036221562300
100035374512354
100034447931520
100030283723312
100029341360197
100028137886529
100027295463278
100026660100470
100025304382243
100025046927583
100021045270610
100012600582409
100010239735679
100008258410748
100005115916784
100004480091532
100037511071605
100037262717117
100035238859573
100026987520831
100024454866201
100023023868067
100015068802538
100011725112241
100010017603715
100008173932219
100006854766141
100006731501908
100003321894329
100037105359636
100025922414000
100036801260117
100036148159796
100035976360721
100035889222518
100032975564143
100032800722234
100032716493077
100030885192383
100030441314771
100029729693824
100029306194488
100029031848417
100022090864499
100016881374303
100015436240696
100015129046505
100013343748467
100009891510866
100037368303505
100037225548338
100036944173657
100036701437120
100035938696138
100035871361700
100035638931671
100034690716256
100034457388187
100033921795201
100033708008344
100033701945543
100032053066770
100031300410520
100030066579932
100029368485956
100028841535374
100028548707594
100028442476206
100028067048316
100027480607191
100024350985985
100023290991045
100022974219514
100022814166925
100018773088719
100014060294223
100010847131655
100009719772027
100007665013375
100006312879287
100005139399440
100004492803846
100003706394692
100003691973644
100003070833056
100037373225764
100035147624496
100034812255255
100030871004033
100029844773118
100028895325524
100026064077729
100023973563125
100022633731225
100014751100266
100013758975769
100010426845586
100005398444295
100003346511902
100001405756595
100000762051358
100037244046410
100028476290183
100026565258364
100023055914343
100014668831274
100034631901448
100012698862813
100035508397824
100035164364307
100026815115538
100016042743673
100013824094482
100010959342215
100012550657081
100015062707886
100001153970683
100035574945421
100031536725896
100015992530624
100037406315682
100036711575860
100035237745273
100033424301174
100032154940148
100022629797653
100022504411870
100020972229051
100010374360709
100005862215880
100004610530370
100004161586190
100003814834539
100003264380627
100002386273653
100001497570389
100001090020158
100036513573239
100036051880272
100035758462555
100034707542695
100034635182049
100034370404816
100033481159279
100033278675997
100032515190284
100032497390577
100031821967488
100030831126620
100030122303854
100029986552633
100029758613071
100029065607631
100028416637061
100027266442967
100026892222450
100026681553501
100025900880271
100024308256044
100022733633241
100015668791335
100014915085563
100011134351661
100009340956907
100003569630080
100003331218722
100000368093779
100007034525768
100026915355909
100009440245852
100035803778769
100035511394188
100034613752756
100031078175754
100027563269297
100022421201413
100009363862727
100005439032825
100005290486671
100002886128932
100009676842851
100028118827720
100037367768185
100035497694406
100034903934703
100033854956105
100033327142543
100033233883422
100031586269249
100030115711691
100029092061125
100026462343140
100024090876337
100022827801954
100022111562141
100021618136843
100018331187811
100017570407070
100014636652526
100013387083713
100012758048191
100012180273880
100035883406964
100034459158033
100031085422961
100030994661212
100030616575181
100029165525518
100029103755096
100025593541966
100022608953122
100021695319354
100018061871221
100016217084199
100011274463979
100009293182433
100007360328788
100006402006411
100006138060107
100005534103424
100001829612569
100001313973704
100036928396179
100036363913026
100035724368617
100034505959173
100034410703087
100034323203358
100033719055203
100033455559278
100033336735342
100030611706756
100028918117254
100028204860713
100028009429848
100027829313588
100027555135832
100026767268829
100026167921958
100025261333814
100024215319762
100023600354265
100022988112447
100018880816534
100018753762772
100014288612380
100013823680457
100013008967483
100011182210281
100011144086118
100009506024118
100009197481086
100008385606217
100007907644902
100007097508245
100023775451196
100010753330657
100032990768834
100026072089806
100030989471216
100006021213657
100024215554872
100036355666321
100034459574882
100029168919276
100028425611242
100026545144783
100025358228607
100024895320288
100014128474939
100010918996422
100010037058509
100003473416748
100001914820794
100026521372016
100028700193238
100035839814230
100034720487885
100034263941020
100032506583617
100028279582613
100027936771269
100026864404684
100014738562927
100014051237407
100011313973023
100009995471422
100023532723345
100035504374611
100037458301596
100037007841574
100036104896154
100035783713796
100035588172784
100035031782853
100034961928261
100033918858816
100033859960239
100032433140963
100031392031109
100029249103096
100029116814091
100029103457341
100028726721980
100028364712152
100027371723645
100026888229864
100026554604866
100026549482767
100025212544761
100024504857286
100021901941221
100020842636775
100017688396972
100015900468853
100015100870322
100013415477366
100012484212674
100011507527011
100009531160186
100009072164780
100006377044810
100005380819452
100002428870934
100002060607739
100001523226586
100000333908771
1687092049
100008532154757
100009596701155
100025965620657
100033846071797
100028182034414
100036217162973
100029344171761
100028906261264
100002611959735
100036322241784
100030762196938
100028207386484
100000978638683
100017042769039
100028522212006
100001776289421
100033681076597
100035194963491
100034199682963
100030574451866
100027601122428
100021012281788
100017836243116
100015372401273
100015084938362
100013972290548
100010999685420
100010359219297
100006509491737
100036281024333
100034303070293
100034048068367
100026920516868
100024708953439
100017777776090
100016125219208
100012728550784
100012479010789
100006141691751
100037213755685
100037147157375
100035167494288
100032074840000
100032061572726
100031876125610
100031827940093
100029636915939
100028939899555
100028475781050
100028356721794
100025037588142
100024815175384
100024786734735
100016773672755
100010220943879
100009673230650
100006346729102
100002889988815
100018307934847
100014290295106
100037023981930
100035706705019
100032008020097
100024378639478
100011705079615
100003693019024
100003690548306
100036207904779
100035595245051
100029813962557
100027784749194
100027163791859
100026511763750
100025251009251
100020400405475
100018813548026
100013174057309
100009654674557
100006906016687
100004839824959
100002972011686
100002209364985
100001078615388
100010715174524
100034838195582
100034654783812
100033461388443
100027553073208
100012981064312
100012939407151
100034730778505
100034520832068
100034047909764
100026030076803
100032988183689
100028194155260
100035408062541
100035290415031
100034897701682
